100
 -466  441  296 -416 -371 -416  449 -454  115  -52    4  448   91 -241  -95   37  257  -52  282   23 -323 -338    9  316 -321 -361  310   75  -30 -381 -234  179  166 -113  108   17  123  416  198 -209 -112 -155 -170  348 -358 -419 -125  174  419 -233  366 -396  190  249 -233    5  452  257 -479 -438 -109  355 -235 -435  276  274  151 -433  275   37 -181  403 -155  273  296   69 -430  -36 -219  424  270  249  319  455 -147  253 -450    6 -339 -208  117  -47 -297  455  291  175  -90   61   14  285
  387  139 -334 -387  276  278  274  194 -109  310 -276 -415  491   -2 -166  430   70 -258  -34 -366 -203 -387 -364 -258 -402  287  436  378 -414 -422 -457  257  236 -120 -272 -448  -34   67  364  358   38   -6  277 -464 -391 -261 -398 -451    0  281   31 -410  448 -487 -332   94 -457  447  380   42  267   21  272 -389 -139 -352 -272 -443  312  446 -173 -304 -355  308  473  302  457 -199  273  152   27 -204  253   63  -80  446  232 -360   53  373  -43 -354   36  -28 -407  365 -364 -397  -99  294
   28  304  253  492   63  206 -295  214  395 -481  246 -275  474  269  190  446  -77   60 -480   63  172 -186  111  386   99  329 -454  277 -172  452   60  282 -277  -59  284  432   33 -103   21 -149  110   44 -239  312 -213 -241 -492 -260  486 -423 -158 -312 -156 -153 -322 -460 -191  -74 -351 -139   61 -423   88  -82  126  156  212 -448  321  -63  314 -329  -49 -318 -158  178  245  226 -125 -365  239 -403 -377 -273  477  149  236  -23 -487  316  375  473 -260  442  -88 -411  118 -306  -29 -490
  215 -388 -457  -19 -420  101  204  366   -5  407  203 -340 -289   21 -263    8  427  131  271   13  250  176 -119  -67  361  319 -149  396  483  465 -411 -419  433  372   25   53 -111  295    9 -149 -452  247  -29 -127  -85  236  451    7 -146 -386 -211 -140  226  -48  154 -148  -55  381  106  470 -297  350  427   51  285  182  394  190   66 -261    5    9 -252 -232 -334   66  -73   71  252 -450 -139    9  258  439 -158  496 -364 -201  285  272  146  363  -78  167  -44  409  164 -256 -180  183
 -318 -185  476 -157 -269 -442 -334 -172 -458 -348 -366 -253 -370 -444 -258   73  -18 -262   59   94 -473  343  296   62 -112 -399 -445 -142  -11  194  208  -71 -211  -98  -19 -295  207   43   41 -339  466 -271  111  406 -244   79  399  316 -333  255  113 -338 -253 -395   24 -348  367 -466   81    6 -342   47  258  -12 -342  368 -320  -18 -178 -279  462  244 -432  191 -367  250  203 -213  144  459  466  105 -126  302  159  499 -127 -283 -391 -278 -326 -186  397 -456 -342  226 -261 -185  -47  271
  -16  126  116  398  453 -257  -79  301  -78  461 -397   55 -149 -198 -221  154   71  -88 -151   49 -468    1  -33 -217 -447  395  458 -146   48   10 -432  388 -158  212   46 -220   78 -436 -477   57  384 -105 -141   -6  180 -230 -143 -112 -122  409    9 -196   88  197  294  405 -155  393  407  178 -459  378 -257 -380  206 -313  -53  -83  240 -429  471  -80   12  -47   93 -406  481   36  225 -421  -46   89 -254  360 -174  456  299  472   56  264  330   36  366   18 -112 -491 -164  329 -235   46
  427   41 -489  259 -307 -482  482 -313 -180  295  387  340 -279 -116   98 -318  170 -351  393  265    6  316    8  347 -260  212  442 -278 -242 -393 -457  110 -115  401 -452 -122  409   39  302 -413  284   14 -365 -405  246  188 -170 -295  193 -230   79 -181  457 -372 -149 -354  448 -243   48 -395 -205   -2 -412 -241  247  129 -498 -258 -141  121  135  124 -475  356   79  -49 -444  366  -53  290  136    5  194  163 -258  115 -293   37 -251  418 -341 -475  498 -169 -114  401 -417  442 -453  333
  468 -427  123 -141    8 -248 -196   83 -231 -161 -189  -17  -75 -436   91  388  190 -256 -311  218 -398 -111 -126 -202 -232  -93  -60  325 -215  472  451  101  194 -199 -367  143  188   72  353  219 -272 -467  378  267 -248 -427 -323  398 -285  260  434  216 -330  403 -220  -27   30 -351 -173  -83  227 -142  430 -276   37  117  -32 -488  252 -400 -384 -498    0  -61  207  455 -328 -356  382 -216  359 -188  396  375  191  252  106 -467  321  395 -394 -402 -488  136 -392  -26 -232   79  272   -5
  246 -251  458  254   44   10 -121  151 -149   61 -337 -302 -367   89  270   20  471 -284 -254 -294  393  401  346  406  297 -401 -277 -136   -1  -83  159  155  384 -105  429  162  -92  235 -105  -16   91 -458 -294  229 -284 -467  419  166  167 -398  208  103 -269  122  180  232  237 -409  445 -202  115 -313 -240 -286  -22 -192  368  -50  340 -254  128  205  366  182  167   13   81 -351  458 -479 -190 -131  327 -156  -16 -406 -474   78   37  343  101 -176 -370 -292  -92  475 -475 -204  258 -203
 -443  163  381 -294 -133 -126  341 -434 -277  248 -400  438  189  106  326  497  363  180  187  -23  321  155 -128 -321 -373 -477  476 -497  307  230  103 -452  308  464  489  453  310   70  -58  255 -382 -354   99  249  -97  486 -108 -320 -457  389 -413   -9 -265 -311 -163  319  234 -466  181  381  247 -147    2   64  476  281 -329 -433  427 -423  129  438  230   92 -349   88  158  396  123  224  471 -217  -73  120 -500 -119  323  305 -128 -478 -302  333 -368   96  470  347 -233  302  228 -261
 -275 -193   69    6  382  -12 -308  251  115 -194  450 -214  330 -442  232  289  124 -493 -391 -316  412   90   61 -270 -155  312  171 -249  -43  261  152 -166 -344 -433  448 -177  -94  285   37   42 -358   55  400  323  133 -330  447 -378  -60  480 -250  276  302 -174  -55 -281  480  496 -229  344  409  173  -63  -10   57  363  197 -341 -211 -499  158 -235 -472 -459 -113  -69  474  267  304  494 -498  208  -25  -39  469  -68  -90 -128  121 -239  258  337  497  473  -78  -42 -225   66 -277  234
  173  380   65  211  264  140   24  256   43  -51  -87  474   42   42    3 -134 -127 -183  287  245  174 -159 -148 -376  286  323  287  -30  326  211  430 -347 -464  400 -187 -247 -404  -94  475  412  308 -258 -251  -20  -81  146  466 -378 -464   49  276  -28  128 -265  313  206  341 -482  137  454 -342  403  243 -214 -310   81  304 -379 -272  122   12 -226 -259  277 -188  298 -242  359 -468 -109 -159  138  293  411  339  378  199  -48 -350  394  -95   14  345 -264 -280  -84  144  153 -283  104
   35 -296  473 -254  115  130  113  348 -486 -474 -404  -25  128  -11 -326 -221  171  139  476  124  215  348 -358  153  412  262 -183  381 -318 -352 -317  293 -393 -429  443 -203 -344  239   28 -449  142 -366  -88 -384 -401 -129  263  386 -348  279  134  447 -404 -101  -91 -230  364 -474  156  421 -437  418  498  -60    9   64  -43  232 -250  228 -102  356  169 -272  290 -189  488  128 -127  -96  328  310   10  -74  346 -195 -361 -450 -387  334 -176  481 -490  -55  212  447  288  -58 -134 -476
 -366   61  266 -163  -19  261 -152   98  325 -285  420  403  -48   -2  -84 -292 -193  129 -300 -229  198 -210 -427   90  428 -175  225 -260    9 -491 -106 -283 -282   42  357  218  312 -331 -133  269 -389  341   68  -51   59   53  370  136  101  425  232  356   40 -429 -353 -245  363   -7  227 -319 -483 -139  442   -1  136 -232  361 -232 -419  -68  479  -67 -102 -365 -177  272  146  136  244 -410 -401   23  342  201  263  186  453 -274 -122   -6  398  419  299 -220 -363   12  470 -326  244  379
  242  355  319  259  440  487 -308  -67 -190   26  463  268 -217  368  -64 -387 -242 -245  251 -227  222  107 -108 -108 -103  238 -118   62  -84  358   85  448 -377 -285   74 -177  468   17  100  -66   21 -284  348 -222  273 -321  440  301  174   86 -455   -4 -334 -216  349 -398 -234 -322  332 -428  -62  419 -166 -106 -115   22 -310  314 -345 -449 -173  446  158 -244 -269  389  289 -247  457 -359  242   52   13 -200  335   52 -328  282 -415  157 -257  -75  144 -365  383 -349   25  247   96  414
  139  338 -258 -179  450 -110 -488  170  -71   74  358  437  145 -133  301  444  443  293    9  315 -158 -129 -296   -9  243 -200 -482  359 -353 -470 -497   95 -280  218 -357 -256 -124 -433   87  471  336  139 -100  458  138 -483 -330  -37  399 -113  -90 -111 -444  143 -471  119  402  333 -363  -18 -350 -352 -164 -227  390  162   -2  -55 -267  -12 -303  302  -22  -37 -290 -340  292  402 -275   84 -298 -493 -153  271  201  134  240  -85  127  205  -20 -341 -154 -267 -174  332  -33  -14 -134  300
 -452  227  388 -268 -483 -456  394 -442  403  -46  160  266  257  107 -397  305 -396  215  443 -236 -212  236 -322 -168  325 -360   78 -380  364  349   92  415 -172  380   45  434 -132 -175  -25  100  116 -112  270  187 -388   74 -216  474  206  313  442 -385  206    8  182  461 -108  -49   11 -383 -347 -476   -7  435  -72 -145  152  387  307 -388  287  428  -19  -51  414  219  174 -435  373  116   -5  -13   96  199    9  153   41  380 -474 -148 -343  344  -86 -417  258  363  -22   64  211 -108
 -389  305 -487 -109 -209  349  152   30 -273  243 -392  353  316 -215 -391  204 -133 -194  -92 -435  -56  186  303  440  277  496  153 -291 -365  426 -294 -415  259 -350  474  475 -216  122  115  -55   -7   89   84   89 -302 -120  277  263   10 -186 -257  323  351  467  373 -475 -110 -264  431  -68  334  371  -47   -7 -192  -75  -40 -357  118  377  164  -94  357 -203  484 -480 -169 -111  186  211  219 -369 -230  389  -68  136  184  198  476  -40 -384  338  294 -247  -15   13  -62   80  366  146
  460  395 -118   98 -295    2  353 -240 -189   72  -46   76  -15 -314 -129  488  423 -309  -86  -27   26  484  439 -399  198   16  446 -146 -296 -245 -460  151  200 -445 -233  338  123   10  144  443  453 -457  309  416   53 -353 -411 -435  373 -368   -8 -301 -196 -473  436  485 -475  150 -238 -395 -346 -431 -103  -50  280 -300  262  129 -304 -246 -302  235   17  480 -493  317  -47 -287  409 -357  159  -64  310   88 -148 -111 -468  292  487  341 -281  478  235  213 -455 -150    2 -408   52  -65
  105  249  111 -483 -202 -415 -169 -116 -126 -271   11   38  238  -26 -436  333  486 -324 -275 -158 -456 -289 -321  300   89  258  197 -281 -312  477  435  -24 -224 -186 -243 -214   92    4 -490  318  129  292  -16  266   76  126  174  124 -282 -442 -196  -54  294 -484  -15  471 -387  -48  116 -463 -121  280 -319   72 -312 -292 -372 -194  123 -208  -36 -355  -51  103 -414 -428 -154  357  250  476 -282 -250  -23  319 -140   52  391  286  263 -444  440  -63   35 -156 -321  488 -276  310   41  188
  -28 -469  257  -47 -339 -456   20  269  202 -342   75  398  343  381  496 -137  346  -55 -322  -96   51  204  -66   49 -407  399  388  281  348  477 -107 -117   59 -251  306 -425 -134  156    0 -446   34  -22   89 -313 -110   49 -331  218 -138 -318  295  292    4   83  126  -61 -348  -58  478  337   23 -236   -9  -75  102  471 -448  -44  395  138  154 -462 -384 -442    7 -364  288  453 -432  123   97 -385  -57 -191 -328 -252  169 -477 -382  288 -246  460  481 -192  150 -350 -443  409  230 -156
  198 -325 -459  424  207 -306  430  410  121  366 -197 -222  -19   37  287  307  453 -311 -367 -395 -177 -429 -354  -94  245  -36  137  -83  135 -472  160 -246 -242 -426  168 -484  -56 -338  219 -279 -427  287  237 -233 -110   39  137 -358 -300 -214 -293 -456  384  -97  110  -23   32 -348  145  421  -42  423  315  413 -241  364  -65 -456 -490 -482  431  -66  480 -461  359  124 -261 -306  194  323 -388 -214  344 -349 -205  377  -90   54   14  475  134 -358  346  334 -255 -158  212 -317  490 -115
  498 -143   85  -52  481 -277 -374  444 -107 -237  -78  249  352 -237 -205 -451 -199 -224 -387 -138   38 -161 -318 -432 -158 -147 -499 -206 -192   -3 -404 -437  191 -187  284  330 -174 -475  -14  269  449  424 -490  -97 -303  -21  421  471  427   21  428  149  240  106  -64 -432  407 -425 -140  388 -476 -241  110   -7 -450 -203 -392  170  240 -402  -91 -468  -58 -232 -215   94  491   12  258 -173 -476  306  219  375  233    7  310   79  401  428  441  236 -475   22 -393 -184  -14  393 -435 -128
  -54 -131 -316  364 -274    7 -386 -153 -395  -73  475 -348 -192 -472 -100 -246 -457  134   56 -115  266  336  351  314 -386   66  169  392 -368 -320 -313 -411  275  366  359  -75  108 -484  350  148 -458  180 -395   78 -152  -63  -74 -101  -84   11  -45   49 -390 -363  425  325 -386 -373 -490 -306 -194 -271 -461   56 -356   95 -108 -214  350 -487 -108  454   35 -316 -275  -91   87  302 -293 -328  -48  307  350  152 -156    0  114  -41 -184  202  -47  412 -353  125 -232  368  219  -14  326 -225
  381 -419  198 -414  198   32  340 -367 -409  -79 -342  499  238 -304  145  388  134  151 -353 -206 -235  192  440 -340 -262   49  426  327  250 -282   79  158 -320 -485 -371 -202 -266  472  212 -490  148 -456 -291  170  172  -26  -94  -21   -5 -498  115  484 -129 -484 -455 -455  325  403   35  333  239  158  -23 -186  234 -298  432  203   31 -112  287  488  -85 -117 -407  279 -160   82 -127  231   37 -105  -83  434 -117   55 -239 -231 -363  162  478  -70  476 -312  -83  427  298 -487 -464 -161
 -395  173  177 -328  -26 -108  309 -304 -492  185  435 -266 -338  159 -397   65  285 -439 -238  490 -441   91 -239   49 -203 -404 -481  401   -2  401 -136 -115  -21  414 -260  -94 -184 -426  -37   23 -467 -264 -482  351 -471 -132 -314 -500  240 -357 -333 -471   76  237  474  278 -298 -414  486  204 -417  456 -211   18  -36  -41  -23 -234   33  224  404 -261  -12 -343 -230   -5  214 -389  -89  -93 -151  358  335  368   24  298  178  307 -386   44  161 -222  282  125   41  494  331 -169  265 -174
  -45  212  465  160 -383  361  -60 -207 -160 -318  369  261 -224 -435   43  266 -392   98  265 -140 -479 -258  212 -169  192 -139  163 -267 -129 -450  151 -370  168 -410  150   84 -333  343 -496  340  -82  123 -420 -235  224  374  219  315  208   85 -471  104  -37  -86 -360 -195  -53  324  451 -365 -166  244   69  170   -8 -306 -403 -132 -430 -374  383  200  108 -401  220 -373 -279 -280  143 -311  191 -226 -274   -2 -358  279  232  498  172 -122   82 -288  310   67  409  307  140 -198 -332  271
  292    2 -450 -283   53 -172  318 -443  477 -432 -280 -149   18  465   93 -403 -147  312 -355  -22 -150 -417  -19  319  294    7 -425  395 -354 -140  -84  197 -401  433 -180  468  108 -456   44  307 -118 -207   -4  245  287  334 -467 -394  -27    3 -442   76  213  -62 -324  -45 -159  452   96  366  437  127  126 -441 -168 -150 -452    9 -178  484  207 -197   28  -89  -49 -377  280   54 -225 -445  488  148 -334  321  430  335 -241  494 -478 -487  -49  420  -55  403  147   11  -73 -167  403 -332
  224  363  -79 -168  207 -418 -315  213  372  -41 -427  173  445  293 -479 -461   -7  284  434 -363  452 -152  477  -54 -410  419  290 -388 -397 -326  446  320   21  185  -45 -437 -413 -359   18 -452  117  153 -265 -470  217 -167 -218  -51 -332 -341  393  318  -47 -283  -97  496  -85  121  424  206 -331 -387 -457 -205  157  299  211 -449  440 -345 -305  315  -44 -124 -357 -474  -62  149 -213  188  202  157  198 -169  226  115  357 -464  449 -271  450 -315   33  248  -39  311 -125  -37 -494  411
 -128  500  113  167  366 -309   -8 -152 -469   26  -18   36   78  397  234   92 -355 -470   56  186 -251 -469   38  -60  354  347  310  289 -317 -282 -331 -489 -232  451 -435 -441  -69  271 -438  190 -115 -391   21 -467  106   97 -190 -371  496   48 -101 -133 -282  138  204   11   98  367  -68  -47    0 -342 -251  357  146 -101  -76  -61   36  472 -103  485  244  314  341  365 -189 -204  261 -247  -18  118  143  -54 -209 -268  283 -303  324  366  285  -61   54 -186  234 -332  255  -87  385 -376
  301 -109 -289  472 -420  -37  130 -178  351 -259 -432  408  -30 -197  263 -158  393  -97 -467  -93   82  105  488 -147 -131   53  494 -473   99  313  263 -321  -43 -261 -345 -414  489   41  258   -2  259 -153  121 -353  386  379  291 -125  340   94   43 -157  105 -243  323  118 -185 -211 -187 -147   85 -456  388   92 -108  223 -168  422 -465  319  254 -310   67  133 -282 -351  -31 -100   19 -484   66  276 -331 -299 -452 -201    5  -56  386 -108  198 -449  468  -19  249 -297  390  176  263  -39
  279 -468  170  -12 -378   16 -320 -199   -7  468  372  -98  237  -30  420 -326  275 -461 -193 -412 -464  409   82  453  470  407  274  443   98  314  498 -230 -190  -34 -151 -464  200  438  375  191  475  490 -358 -294 -338 -406 -293 -466  107 -190 -188  109  192 -203   28 -154 -173  379  164 -446 -173 -446 -437   58 -485   73 -131  -37  216  182 -156  308 -162 -121  138    3 -486  306  -76 -248 -397  -24 -368  350 -461 -347  198   48 -336  253 -258  134 -182 -448 -478  277  438  177  430 -361
 -299  169 -455  140 -485  439 -231  356 -240 -295    7 -107  379 -174  230 -212   16 -107  258   88  373  155 -282  476  454  438 -113 -151   81 -409 -243  -16 -284  389 -429  289   -4  369  411  300 -237  357  493  170  223  454 -453   80 -219  181  357 -270 -212   -3   34 -327  283  345 -336  -34 -176 -350  212   -5   86  -86  -96 -494 -248  -33  459  237  -71 -172   34 -356 -227 -282 -191  237 -101 -193  179  411  172 -250 -488  433 -281 -112   99 -267  380  254 -305  292 -383  383  161  207
  -12  427  -80  296 -310 -329  151  356 -468 -140 -407 -416 -328 -247   52   32  309 -239 -302 -448 -328 -100   40 -133  184 -153 -232  351   89  482  203 -133  261  365 -384 -320 -486  -31   82 -117  439  443 -468 -195 -379 -176  130 -341  102  185 -302   47 -217  181  318 -124  -98  156  -38 -439 -195  287 -127 -402    7 -365 -137 -183 -427  129  323   44 -157 -458  445 -154   15 -141  170 -288 -298  430 -166  -82  260  446  123  101   90 -339  286  269 -241 -151 -348   18   30  235  159 -400
  136 -204 -283 -110  127  428  273  -99 -220  426 -296  356  330  135  359 -291  414  360  189   32 -321  214  163 -300 -311 -233  -13  -11 -136  402  448  -77  285 -232  337 -481 -496  151   -4  345  380  -21 -366 -231  407  -83  226  207  -47    0  -60 -469 -169  148 -153 -211  264 -369  253  101 -102 -327 -469  137 -306 -105 -267 -109  -85  -49 -302 -498  440 -227 -304  -65 -221  263    6 -195  -34  171 -308  350  165  323 -184 -264  -65  312  197   26  436  -85  297 -135  418  500  372 -169
  -61  128  335  -73  346  440 -199 -407  327 -425  217 -258  279  216 -399  316 -266  422  436  177  145 -360  112  165  211  -22 -216  222  260  -53  -15   29 -250 -392  340   27  -21 -326  -63 -194  -59  446  361  220  -36   91  257 -417  378 -293  495  152  294  -63 -344  -75   75  108  212 -161   20  262  333   29 -237  405   10  136  411  450 -193  304  395 -458   68  451 -305  147  -42  335 -254 -394  474 -336 -415 -355  384  147 -402  130 -138  -78    6  303  186  421  179  288 -280  170
  285  399 -457   50  324 -124   80 -134   11 -209  175 -179 -146  242 -367 -239  -58 -453 -228  450  145 -373  -25  172 -198 -424 -128  468  -99  -31 -154  170    2   39  -48  362   14  371  444  366  193 -140 -398  275 -158  444 -261  352  270 -123  199 -177 -210 -493 -159  300  239 -232 -336  280 -257  423  362   71  440 -206  -24 -374  105  -25   64 -111  -89 -440  112 -392  -43 -287   63  -12 -222  251   19 -178   32  398  414 -153 -385  308  116 -435 -138  480  -82  -43  238  464   63  282
  298  -82   89 -110  230  -20 -490  287 -171   83  275  252  429 -296 -392 -297 -143  286  441 -466  187  335  -69  374 -376  499  -22 -382  310 -292  302  376  -17  120 -350   40  264   67 -257  377  430  -16 -261  412  370  106   30  -74  149 -247  -31  -85  -83  310 -465  -35    6  370  -34  365 -221 -467   94  -59   49  367   -9    0 -298  283   52 -234  -85 -325  484  128 -220  360  361 -478  319  310  345  -65  110  115  -99  368  118  148 -438  463 -473 -427 -212 -377   50   94 -230 -203
  209  242  353  109 -286 -107 -192 -247 -122 -400  188  378  101 -157  228 -202 -458   24 -255 -319 -258 -149  152  194   57  418   31 -240  324 -280  456  348 -273 -431 -207  316  355  254 -288  219 -436   16  147  216  405  336 -373  289 -307  -76  378 -181  204 -254  353   85  239  218 -231   19  179  113  295 -179  248  131  383  300 -261  473   37  344  306  382  247 -192  -89 -155  337 -458   16  -31   63 -374 -434 -440   77   -8 -340 -355  -39 -380   15  289   39  460 -445 -136  491 -324
  480   25  200  -83 -127  116 -236 -433 -306  -14  235  -44 -374 -322   45   54   93  420  -90 -262  477 -251  329 -323  -18   44  343   -3 -400   72  185   86 -161  -66  109  -54  -44 -257 -297  160 -104  -18   70  347 -283 -498 -375 -223   31 -216 -142  373   95 -313 -496  120  262 -354  300 -462 -281   58 -403  391  196 -380 -262 -177 -155 -401 -168   97  -18  -17  490  448 -233 -183  113 -131  343 -203 -286  -24 -180  212 -302  107   40 -168  479  -30  -35  247   41  434  176   40 -338    0
 -311  -98  190 -421 -197 -113 -218 -407 -205 -157  243 -459 -226 -123  139 -190  262  418  -30   33 -121 -343 -181 -493  102   29  485  347 -455  397  160 -212  291 -367  253  250  -66 -196 -438   51  330 -376  -87 -368  -65  480 -150  364  315  479   23  -50  162  -58  243  412  -70  471 -246  278  333 -374  210 -329   67  393 -410 -348  295   15 -449  220 -196  -91 -467  152  191  339 -375  360 -254 -145 -296   32 -153 -414 -272 -342   99  438   27  -28  -20  299  220  359 -414 -249  313  223
  -58  449  296 -198  438 -270 -137  208   93 -358  205 -309  205 -409  300 -308  315  387 -260  335 -486 -105  207   83  206   55  169 -200  306   44 -308  285  404  234  292  -95 -230  -44   71  117  307 -309 -198  -17  145 -151  403   59  283 -344 -125 -463 -330  241  437 -137 -166  313  483  -20 -159  119 -316 -100 -215  -57 -404  345  234  208 -255  455  422  347  484  315 -299  355  127  244 -345 -428 -288 -109 -340  194  107   64 -392 -347  252  -60  -41  301  143 -217 -131  148  127 -408
  -21 -434 -254  218 -324  475 -473  496  195  353  235 -487  150 -442 -347  131   44 -286    0 -486   -1 -282  118 -337  252 -241   -3 -232 -214  260  173   47 -415   -8 -245 -245   44  366  248 -100  252 -103 -418  185  453  476   37 -396  306 -133  317  137 -474 -292  -51  453  479  423 -150 -183 -424 -220  341  -21  274 -393 -147 -261   99 -412  138  -94 -429  437  374  328    7   -7  331 -160  396  189   -4  104   -2 -152  -61  274 -124 -341  437 -449 -442  359  247   89 -412 -112 -453  290
 -482 -487  -81   68  463  117 -416   52  270  400 -495 -200  419 -102  141 -177  194 -399  151  326  214 -261 -498   40  -99   47 -403  357 -387  284 -176  -72  225 -252 -247   37  170  237  -29 -478 -127  266  187  195 -150 -458 -340  373 -255  106 -402 -126  455  227  403 -124  314 -121  288 -331 -435 -300  277   29 -282 -235 -169 -473  -93 -296  -75  257  282 -445  -70  203  -89  280 -123 -100 -263   30  410  358  206 -392  191 -417  385  -28 -404  -52 -474 -444 -295 -173  256  370  436 -356
  434  124  466 -328 -493 -402  150  -16  389  328  254 -358 -223 -428  -11 -353 -428  239  193 -462 -403  100  486  -71 -269 -299 -343 -389 -232   51  456 -434  124  123  469  462  304  423   71  456 -242  375 -124  -88 -212 -250 -292 -356  100 -250 -150   70  296  323  211  116 -414  211  429   63  323  485  198  429  183 -337   86  313  123   28  156 -419  239  -63 -122  467   -6 -201 -236   81  404 -382 -351   86 -462   20 -350   81 -348 -255  228  117    4  221 -315 -278  275 -212   35 -421
  401  405 -237 -202 -481   50 -438  216   45  122 -360  230  401  287 -277  100   11  -25  436 -363  -55  -52 -487 -267  276 -461    9  139 -296   83    6  -63  131  107  176 -228 -367 -485 -304  490  -90  333 -344 -428 -285  138   -5  236 -428  170 -474   37  373  447 -364 -287  207  305  381  352 -245  129  379  134  316  427 -101 -430  228  188 -284 -287  274 -231 -353 -393  475 -312 -184  344  184  396  160 -165   40 -147   39  210   45 -289   26  364 -260 -235  314 -205 -299  339  117 -452
   43 -494 -410  -51 -453  350 -163  315  144 -106 -126  237  153  367 -156  447 -271  205   -9 -343   99  -61 -293  224 -386  378  286   39 -149   51  -55 -326    1  292 -350   58  174 -348  -30 -332  338 -107  350  114  -99 -457  341 -235 -411   19  -43  177  206 -383  304  407  119 -200 -298  193 -342  415  310  234 -153  177 -148  377  290  267 -364  363  -91 -213  415  272 -369  465 -135 -135  382 -151 -324 -142  278   -5   11  -69 -431 -145 -358  420  281 -464 -296 -161 -395  144 -282 -461
   78 -488 -201  431  -48 -138 -324  446    4 -188  312  -23   71  475 -164 -264 -266 -284 -295  -11 -420 -362  216 -250 -114  420  328  116 -414   13   64 -124 -445 -398  196  441  383  294  115  139 -185 -349  205 -123  -93  129 -136  198  253  263 -242  -51   28   81 -476 -143 -490  257 -493    6  148 -357 -119 -488 -337  165    7 -318 -350  398  128  439  233 -288  418  385   90 -265   17  146  175 -375    8  -90 -127  171 -152  479  452   -9 -446 -410 -384   12 -440 -264  494   47  -42  160
 -113  335  368  -43  314 -438 -156  417  -10  270 -208  394 -398  298 -124 -183   16 -402  -39  198 -429  460  -82   62  420 -381   -4 -319 -431   25 -171 -129 -270    1  301  499  490  107  -65 -132  106  498  -32  151 -373  292  269 -344 -261  229 -242  260   96 -466 -456   91   64  235 -459  490 -188  486 -133  -17 -199  352 -427  -72  -68 -479 -136  498  355  -65 -123  475  473   93  469  431  219   69 -130  498  388 -402  -89   -9 -190  126  128 -179 -430 -367  444 -261 -284 -229 -463 -240
  281  285   27  469   99  341  381 -122  306   90  476  148  -76 -176   29   84  439  367 -188 -306 -292 -297 -387  367   11 -330 -382  -98 -491  185 -246 -116  -56  186  -72  310  420 -137 -222 -271 -416  254  449  134 -250 -198   53  301   44  492   39  -93 -122  106  468  387  350   24  423  -92  282   38 -190    3  442 -263  -43  -23 -478  277 -111  390  296  287 -485  194  -67 -204  339  -10 -473 -218  207 -484 -150 -337  129  197  -20 -362  330 -366  359 -249  266  -29 -435 -291 -453   29
 -158  432 -419  400 -496  269  -36   23  422 -309  211  -51   86 -125  391  289  279  462 -435  292  138   20 -457 -259  265  -62   57  164  425   73 -176 -410  -21  295  -55  -24  488 -471  217  466 -179  285  329 -471  438 -174 -311  163 -483 -301  -45  408 -227 -151  164   72 -170 -292  115 -410 -312 -461  341 -404 -437 -164  166 -446 -435  466  -57  -39 -268 -406 -148 -196 -362 -140 -260  173  -63   83  330 -163  405 -476 -298  324  -28   58 -165 -358  256  -50  309  353 -215  128 -378 -448
  343  233  407 -343  244  386  360  173 -409  415  168  351  -58  224 -178    1 -260 -415  -66   10  126  -36  284   -9  277  352  450  -81 -425  -26 -143 -208  296 -258 -329 -350 -462  421  471  159 -214  119 -169  227  208 -449  177   32  267 -104 -125  313 -406  243  191  183 -172 -163 -438 -424  109  131  471  246  -18  458 -374  439  -54  303 -346  -76 -411 -490  -16  201  302 -389 -296  396 -310  491 -356  448   95 -428 -492 -390  252 -303   30 -271 -254  301 -130  -43 -265  202 -192  -54
  195  429  -87    1  226 -437  437  480 -324 -367 -124  124  336   86  268   74 -498  457  163  193 -464 -284 -270  136  377  411   28  119  322  210  -34 -225  427  469  114 -421   -9  391  423 -121  277  358 -301   19 -364  431   12 -153 -482   23 -245 -417   44  160 -180   92 -190 -202  261  -95 -466  207 -195   12  450   17  330 -375  258  455  185  240  379  423  400  240  353  -70  423 -463 -262  -80 -268  467 -412  146  133  496  -48 -216  217 -259  338  485  169 -104 -423 -295 -296 -441
 -319 -261 -341  492  329  -77  114 -150  110  -55 -359  140  193 -408 -460  307 -442  469 -147  482   35 -327  454  398  -22  475 -232   29 -258 -446 -467   72  138 -221  321  -88   -8  392  140  -86 -498  367  455  255 -463 -351  -65 -194 -448 -336 -122 -302  -67 -310   69   -2  266  401  149  218 -258 -281 -116 -433 -121  310 -330  258  103  114  -49 -461 -320  270  297 -480 -250  243 -204  -39  340 -262 -332  229 -390 -204 -341 -144 -446  196 -278  406   11 -218 -275   66  226  -32  204  453
  455 -234   80  181  201  199   75 -134  -19   50  -38 -245  202 -305 -185 -375  438  369  216  436   88 -289 -204 -463 -346  342 -469  -42  204  246 -218 -433  484   82  457 -433 -194  -62  391 -179 -107  438 -131  373 -241  262   -3  -25 -387  312  321  239 -356  139  315  430 -372 -275 -451   59  324  114  475 -288  211  251  234  192  -56  296  -16  163 -473 -455 -329  133  152 -437  440  144 -444  309  146  125  296  405  -44  352 -116  109  448   -6 -470 -415  357  234  -20 -449 -237   64
 -185 -420  107 -136 -244  369   90  -70  191  449 -409 -491  473  -80   56  292 -196 -456  170  162 -498 -134 -500 -295  144  399  314  363 -469  342  358 -151 -128 -254   47 -218  410 -292  363 -453 -455  480  318  204  339 -110 -464  266  431 -179  297  205    9  177 -179  234  355 -262 -123 -223  416  280 -336  429 -323  128  191 -243  293 -417  304   49 -332  398  158   61  164  127 -492 -139 -395  213 -185 -146  236  288  450  -83  -50  225  292  470  -80 -406  232  403  221 -160  152  497
 -434 -199  229  463  227  332  311  143  118 -389 -328  268  318   31  232 -319  -27  301 -351 -366   42 -236  476 -170  230  135  -37  143  137 -299 -233 -460  408 -464  -90 -136  115 -419  480 -249 -235 -112 -249  297 -240  418 -432  -71  -65 -241  122  324  106 -445 -354  495  -36  230   77  336  -97  134  303  232  120 -317 -497    8  -37  349 -181  249 -112  334  238  -33 -313 -212 -375  393 -109 -170  -94 -387 -276 -237 -205 -348   84 -221 -396  161  186 -343  -22  492 -496  302  -74  475
  396 -333 -109  206 -134 -299  430   21  264 -333  -66    5  283 -107 -211  107 -442 -245  350   25  278 -134  129  -49  -55 -342  248  107  -85  436 -317 -392    8 -100  -50 -329   92  281 -347 -208 -298 -313 -293 -499  392  364 -500   95   15    5  364  -75 -446  138 -333 -122  118   80  337  385  -17  422  -61   -5  -59  434  482  301  354 -346 -293  368  148    9  -49  342  432 -472  421  232   -1  391 -458   78   57  450  -94  413  463  380   43 -233 -233 -126   70 -223 -445   11  222   71
 -463 -247  329  199  -92   39  483 -378  201  143  -27 -132  442   18   -8  113 -416 -307  409 -398  -86  469  283 -195   38 -224  189   54  403 -498  106  244 -160 -338   38  307 -459 -117 -183 -288   64  278  385 -115  -25  440  448 -475  320 -269  485  416 -372 -443 -337  274  -76   17  -20 -333 -165  385  486  -13   99   41   89 -457 -257  483  489 -494   18 -452  304 -211  318  398   60  -64  409  420  478  445   72 -101 -139  398   74  270   52  148  437   33 -190  163  358  435 -281  -84
   27  407    7 -386  296 -167   71 -133 -271  105  -40  -59   -7  212 -252 -478 -429 -182  200  358   13  378 -323  185 -353  140 -121   99  338  293   30 -180  -45   19 -498 -288  -59  341   78 -400  328  -91 -142 -330  462  463  360  392   76 -207  494 -289  107   98 -269 -334  201  295 -448  273 -298 -133 -424 -291   29   -1  128   68 -104 -340  266  420   87  180  407  247 -212  470  378  -87  283  284  388 -234  106 -417  195  143   71  163  -29  -12 -261  203  411 -318 -116  160  -69  448
   56  310   61  364 -375  208 -449 -148 -232   67 -497 -479  139  -66  274  397 -183  356  445  338  296 -169 -460  447 -163 -215  226  339 -227 -170 -191  -23 -444   14 -212 -466 -245 -226  287  335 -344 -297  317 -425  -51 -270  406  294  142 -418  276  227 -303 -244  327  317  -63  347 -266 -431  107 -194 -256 -158 -164  434 -339  290 -497  413 -323 -204  393  103 -150  232  143   78 -491 -275  316 -168 -283 -215   31 -434 -134   92 -231 -437  -19   75 -479 -402  161    9  120   71 -293  318
  133  146  498 -130  369  385 -392  137  193   81 -267  354 -487  -29  185  228  -53  -92 -339 -263 -413 -460  -40 -274 -438 -207 -461 -120  203  158  286  227   24  359 -496 -158   51  313  -57  128  294 -193  409 -372  -32   14  348  439  289 -120  100  255  485  325  -41 -100  -75 -495   66 -122  -60  500 -100 -308  310 -413   63 -246  190  483 -292   35  238  203  244  237 -106  494 -271 -385  145   26   85 -150  268  196  -42  340  -29  -13  420 -487 -226  -78 -361 -492 -462   13  130 -114
  261 -246  406  343 -167  -74  -77   -3  180  488  475 -303 -368 -334  365 -282  296 -209  147  223 -138 -420  405  377   94 -106 -271 -325  480   95   -7  469   70  197  405  199  452    3  142    8  427 -164 -460 -144  475 -334  269  345  123  212  111 -154  117  132  284  370  -69  -90 -209  284 -221  437   -3  226 -434   36   35 -190   93  226 -414  491 -416 -283  221 -459 -130 -232 -375 -184 -381 -428 -413 -121 -358   44  407  430 -414 -496  378  -73  482  102  236  380 -426 -356   50  167
  220   68  289  434 -298 -103  389  447 -130  191 -469 -282 -386  172 -389 -457 -125  270    3  163  435  -38 -472  -27  297  254   83 -367  149 -302 -188 -111 -430 -349  134  445  294 -395 -230 -454 -224  499  233 -176 -144  163  435  239 -456  475 -492 -262  -42 -182  438  428 -398  -77 -237  165  365  134  319  438 -365  469  -18 -343  350 -498  164  -85  -91 -353 -382  345  -63  397  296  288  261  435 -351 -448  -38 -449 -184  -83  -55 -443   10  -95 -484  371   14  478   69  228  181  144
  100  487 -143  167 -124 -142  135  -71  -52 -162 -396  371 -376  476 -377  -85  331 -488  407 -376  274  406   60  -32   45  385 -163  435 -401 -237  291  217   67 -243 -263 -206 -132 -493 -442  -37 -386  -18 -359  399 -456  -20   40 -117 -270  -71 -454  207 -148  367   18  228 -278 -244  211 -350 -218  139 -235 -424 -220  472  380 -305 -128 -411 -127 -296  100 -191 -161   62 -206  231  155  -27 -373  370   48  266  482  220  -92  118  423  262 -448  323  432 -183 -102 -302  465  -17 -155 -394
  -25 -150  215  279  -97 -301 -106 -483  294 -186   51 -283  405 -444  362  341 -487 -388 -464  194   64   38 -236 -238 -431 -262 -274 -143  318  -26  426 -232  -36 -149 -355  235 -437 -488  352 -179  331  329 -277  307 -372 -407   37 -367 -386 -486  108  298 -255 -460  439 -252  -19  -39 -479  459 -300 -457   40  378 -282  489   64  233   17 -126  -84  -27 -126 -254  -62 -273  117   31  113  211 -295  442  141  252 -397   -2  -15  -74 -331 -145  160   72   48 -485   43  247  431  198   81 -114
 -247  302  351  -80 -443 -151 -209 -358  485  491 -371 -327 -418  205  105  181 -126  407 -217 -498 -231  484  141 -494 -447    0 -337 -439  397    0 -413 -176   73  306 -364  415 -353 -376 -366 -373  141   51 -165  439  -53  125   73 -362  -52 -258 -377 -246  436  196 -352   -5  103  174  342 -127 -447  335  -98 -486 -367  -44  218   70 -176 -271   98  322  244 -119  378  -66 -351 -222  172  371 -176 -313  431  241 -358  119 -351   71  450 -292 -463  -78  346   80 -245  226  -82 -419 -432 -215
  151 -391 -296  -21 -407 -433 -191  370 -435   56  180  361   -7  286 -282 -109 -262 -363  106  395   28 -221 -196 -454  285   10  475 -223 -387 -469  433  235  -41 -379 -188  261  446  383 -416  224  323  283   29  268 -124 -351   11   93 -244   72   75  259 -239 -171  191 -391  122   32 -214  311 -153 -375  421  416  478  322 -300  274 -186  144  317 -359 -210 -424  282 -163 -447 -426 -132 -471 -297   29 -314 -399   67  205    0 -485  256 -211  248  419 -224  339 -339  398 -455 -209 -115   81
 -369  282  312 -455  -34 -494 -417  162   30  387 -447 -316   71   38  160 -470 -321 -233  471  442 -292  283  -50  442  281 -446 -368  158 -414   28  126  -97 -472 -290   92  259  258  135  191 -136  188 -159 -238  338  413   13  333 -106  316 -135 -414  329 -257  -70 -401 -193  311  251 -472  287  149   66 -403 -330  -43  289 -466  312 -399  -24  -82 -130   39 -372  -67  274 -265   79 -491 -243  285 -362 -248  273  168  404 -441 -223 -128 -242 -351  322  377  330 -428  388 -166 -297 -245 -235
 -259  264  -70 -353  363 -212 -163 -421  -33  -18 -164 -395 -289 -294 -121 -100  205    4 -334 -237  134 -330 -210  365  369 -285  140   95  311 -440  382 -356  368  288 -194 -179  253 -266  360 -140 -126  104   84  308  -43 -366 -270  290  -61  402 -386  143  174  221 -136 -111 -147 -261  428  265 -480  281 -270 -211  258 -110 -407  239  126   95  -36  197  485 -250  -73   39  479  170 -235 -172 -113 -220   40  172 -384  471 -292  -47  288 -206    3  312  382 -248  202  370 -283   98  232 -364
 -122  420 -351   96 -252 -409   47 -129  364 -120  382 -323 -227  -37 -364  250  210  207 -197  444 -268 -334  -49   22  135   70 -243 -324  264 -456  172 -449  499  132  -45  401 -300  -28 -444 -193  280  171   45 -382 -275  460 -109 -267  -14 -431  314   -3  -10  108 -358 -459  248 -255  129 -221  478 -222  375 -498  288 -241  409 -238    7  226 -130  392  192   92  289   66 -185  -95 -146 -274  222 -474 -161 -155  308  389  214  212  224   82 -339 -362  228   61   47 -118 -157   14  474  281
   41 -274  449 -242  433 -168  196   77   32  401 -396   37 -491   99 -378  240 -449 -316 -216 -406 -325 -151  441  229 -483 -306  211  366 -188  455 -299    7  380  461 -429  428 -260  454 -458 -404 -309 -429   47  489 -146  277 -152  174  120 -121   91  232  171  143 -293 -282  429 -297 -200  316 -133  391  312 -138 -306 -285  473  227  283  172  175 -231  487 -186 -415 -223 -182 -326 -188 -375 -225  -83  247   13  163 -168  285  -82 -420   22  177 -134 -481 -251 -399  348  160  387  428  481
  188  497   58  352   52  436   28 -383 -400  191  144   12  141    9 -485  -33 -340  438 -334  228 -454  402  177  -69  462  -40  152 -434 -396  -70  417 -188 -180 -179  101 -126 -122 -346 -330   54 -135 -206  457   10 -494 -355  397  173  398 -176  499  473 -446   40 -460  278 -461 -219 -436  211  -23 -385  -17  -37  270  -35  -62 -259  272  -33   24 -115  -28 -150  -18 -319  -19  146  154 -340  -15  164 -201 -446  445  -42  286 -333  156  -53  306  486  379 -478 -414 -220 -270  245 -173  175
   39 -160  390   49  398 -350 -311 -142   50  219  131   33  -93 -431  491  428  466  311 -226 -473  305  345  447  192  127 -490  -77 -326   84  -56 -365  -74  453 -473 -452  403 -275  252  336  159  -85  -40  130   91  285  379 -465  384 -155  446  309 -152 -116 -373  389 -448 -322  255  355   -3 -295 -213  404   74  190 -392  -11  488  146  -16 -486 -342 -435  -37 -205 -303 -470  181 -404 -273  448   58  220 -471 -274 -156  236 -356 -121  165   -5  -72 -391 -354  162 -337  139 -369  323  139
 -271 -205 -201  165  321   42  463 -333 -167  352  299  -33 -114  -59  -42  497  210   24  220 -197 -196   67  -90  176 -344 -195 -368  426  344  -29   93 -464 -239   53  132   85  -53 -458 -231 -436 -398 -147  494   50  343 -187  304 -122  -34  386 -292 -285 -421 -221  276  498   49  143 -289 -113  375 -312  301  -41  -57  392 -415 -252 -215  -70  -49  311  -14  -52 -424  -57  472 -154  408  484 -447  211 -114  243   31  130 -342 -343 -439  -59 -385   17  494 -471 -442   42 -224 -357 -146 -294
 -169 -246 -145  253  342  464  262 -294  208  325  -18 -419  388  -47 -299 -286 -125 -209 -371 -110  362  235   30 -362 -111  486 -187 -395  -88  288   37    8  387  265  153  464 -377  447  119  390 -157  325 -332   66  340 -380  250  339  487   29 -187  427  281  411   85  242  239  318 -320 -422 -470 -427 -248  -73 -135 -201 -128  145  500  441 -214 -123  305   55  107  287 -135  484  -18  -14  -98  490 -493  211  279   30  -48  248 -218  -51  444 -343  287   26 -363  -20   32 -338 -133  200
   82  149  -53 -205  468  151 -330  271   66  114   97  114 -287  137  -51 -185 -272 -334 -137 -258   63   -6  276  299 -165  -67 -440 -152  323   -1  105   17  214 -414  213 -261  -91  242  408  476  195  302   -4 -178  118  -86  -56  -98  307 -415 -149 -264   79  301 -200  -27  -79 -337  364 -490 -182  330 -254  314  -79 -341 -151  335 -166 -312   38  443  465  374 -372  -40  251  -56 -176  -91  224 -393  -27 -314 -199   74  204  374 -260 -408 -213   51 -233  457  -22   19 -192  417 -428   93
 -380  238  393  231 -294 -132 -352 -445  498  309 -321   73 -248 -284 -355 -470 -430 -339  142  496 -214 -290    0 -157  -93  409  391 -100 -229  341 -456 -451  352  204 -225  -12  245  -34 -373  409  424  119 -368  -75  -43 -225 -299 -271   74 -107  129   -6  431   53  391  238  200 -381  285  248 -432  373  393  268 -155   42   35 -108  303  371 -319  486  -26 -439  143 -224  475 -454  -73  325   68  466  235  470  -85  440  191  176  423  433 -198 -334 -364  445  -50  297 -415 -241 -499  327
   35 -500 -209  409  456  228  434 -363  430  -46  100  213 -329 -167 -181  423 -237 -194  121   -1  -50  477   83  335  313 -164   97 -195 -494  481   39 -260  -10  482  139 -420 -139 -183 -201  104  234  -43  -27 -114 -454 -191 -252  232 -153  -90 -333  328  167 -416 -369   45  443   24 -353  134 -284 -461  -79 -285  205  164 -184 -437  348 -434 -439  215    0  -21 -100  420 -243  -16   -9  386   10 -359 -343  158  -91  -37  390 -134  320  122  154  375 -322  275  160 -263 -481  323 -415 -447
 -382   65 -236 -234  -96 -500   35 -410  480   20   34   61 -265  331  391   71 -464  314  101  286 -290  291  469  114    6   41   37 -127  415  340  124  179 -476  493 -486 -364  239  417 -455  406  105  217  -99   42    2   90  173 -308  -43  247  304 -335  131 -429   80 -455 -337 -314   78  362 -374 -388  -35 -275 -123 -165  449  276 -114 -137  -43  312 -104 -362  -88 -420  -63  408 -309   96 -397  294  476  410 -264 -383 -434  464 -380 -135  326  206  284  131 -380  422  245  408  215 -392
  396 -401  262  100  381  449  -29  149  192  412  -54 -313 -273   45 -220 -100  249  155  293  448  119  432 -435 -110  205  477  -24  -57  433 -220   21  -88 -361 -304 -453  353  496   42 -256 -174  -27 -208  184  423  422  -44  448  458  183  113 -148   12  348 -323 -203 -419  330   -7   57 -100  409  175  432 -479 -237  153  246  125 -322   44  222 -433  336  434 -384 -353 -191   68  366   64  406  335 -111 -204 -121 -212  126  456 -302   61  223  214  -26 -172 -177  -34  176  301   42  318
  165  136  310   44  -36  249 -244  218  269  -16   77  -24  172   96 -475  482 -352 -388  327   92 -132  479   16  285  429   18  192 -242 -319 -271  -43  -24 -356 -246 -331  200  -76    3  241  -15 -332  487 -328  307 -446 -172 -448  231  242  427  397 -281 -494  -55  -10 -455  299 -456 -321 -282  347   96   82  204  321 -491 -281 -393 -264 -340  402  354 -135  308  399  117 -422 -108  359  444 -334    5  318  -20  485  412 -121  288 -117 -290  -87  -56  198 -163 -294  313 -350 -421  371  412
  117  115 -124 -435  458 -154 -283  -43  -82  384  350 -271  181  297  178  471  456 -155 -383   41  -36   56 -153 -471  346  -22 -499 -336  -37  -31  448 -343  348  353  213 -234  320  139  209 -488  -29  464    2 -235  -12  257  429 -368   15  403 -488 -114  -76   10  178  416 -299 -203  480  361  -27   40 -477  130   86    3 -288 -349 -363   67 -443 -447 -250  -63   99  108 -454  297 -181  -99  432  485   45  276 -489 -290   98  357  148  255 -162  323   98  165  474  314  185  164 -175  480
  337 -263 -243 -327 -177 -400  251  274  495  489  462 -414  250 -130  462 -471   11   81  332 -210 -115  206  440  284 -334 -222 -199 -349  177   16   95 -468 -296 -111  328  -30  -79 -385  394  110   58  316   29  148    6 -401  349  167 -349 -464 -411 -320  244  159  490 -423  -52 -274  464  263  -54   83  263  492 -139  217 -245  -52  -85  463 -321  187  -33  178 -446  370 -245  397  483  372  307 -377 -419 -436  -88  494 -470 -492  -22 -155  -78   38 -354   33  221  393  -33 -343  -65  299
  215 -195 -113  464   35   63  -40  -64 -466 -487 -351  121 -212  223  407  491 -457  -65  167  377 -327 -478 -379  262  444 -144  142  268  208  376 -391  143  392  384  131 -381  166  -33 -469  353  425  292  204 -219 -260 -169  -43 -375 -303 -380  130 -373   54 -472  384 -224 -187  487  149  467   45  -87  421   55   66  414   17   35  -73  329 -302  202 -305 -329 -170 -414 -400  500 -171  374  329 -181 -411  489  -24  476 -455 -428  194 -214 -317 -213  168  131 -491  -48  -61   41  -45 -348
  277  -92 -298  430   -1  339  119 -346  311  444  500 -305  142 -285  430 -262 -246 -204 -303 -203 -195  461  -38  308  -53  402 -125  287  328   -8  136  276  130 -406  500 -414 -326  445 -496  -27   22 -280  241  407 -445   47 -155  193  282  -28 -150 -140  447 -134 -172  -56  290 -115 -110   39   -6  488  207 -106  -62 -101  303  414  231  342 -455 -233 -314  164 -317  136  416  304   71 -360 -341 -414  142  201 -373 -340  234 -143 -111 -171 -348 -374  160 -161 -152  222   46  135  297  -99
  169 -179  195  214 -257 -436 -285 -361  348 -401 -131  322 -358   76  423  301  100   49  331  370  -92 -122  -21   70  223  305 -275  249 -187   -7  131  484 -373 -419  323   11 -403 -208  -97  173  352 -273  235  335 -348  168  229   46  375  490  426 -133   51  332   56 -450   20  454  217  478 -177  165  -79   83 -439 -398 -305   58 -337  231 -152  -94 -416 -252  336  112  312  473 -283  189   18  299  106  300 -257  -56  420 -186  192  273 -131   94  318  -85  144  360    4 -487 -318  444
  349  -53 -476  472  341  284  190  301  392  134 -327  470  451 -133  434  126   98  450  156 -169 -217  239 -125 -325  426 -213   71  201    0    9  244 -287  224 -400 -435  393 -278  -39  -21 -222 -196  285   98 -184 -133  -64  164 -376  -82 -220 -268  162  167  437 -178 -256 -409 -309  396  119   83  283 -274  442 -327  279   54 -487  492  493  463  220 -190  366  255  465 -298 -372  -30  342   89  310 -125 -221  362  183  227 -380  -25 -161 -378 -438  -30  104 -350 -396  332  277  -35 -325
 -387  -92 -115 -412 -231 -274  217   64 -310 -221  -28  217 -216 -206   17   -6 -154  -72   28 -458  -29   -9 -428 -315  263 -397  139  -22 -284 -348 -349  165   63  249  312  484   54  258  328 -302   29   20 -252  219   62  274   28 -458  432 -113  253  283 -398  143  201  257 -253 -207 -136  242  234  -25   48  197  236 -100   34 -235  436  450  340   61 -278 -452  444 -481 -123 -339  271  -15 -446 -117  418  488  -99  384  225  497  304  -53 -418  408  420  283    0 -248 -291 -238  354   -3
  447  310  215 -478 -185  -52  157  -56 -500 -490  253  -23 -340 -391 -366  164 -299 -498  -43 -346 -335   90  404  441 -414  262 -218  -58 -475  437  200 -455  336  116 -256 -383 -118 -293  390 -281 -265 -434  303  380  433  176 -314 -213 -362 -162  -85  221   14  274  419 -273 -268 -237  193 -212  139  182 -497  463  269  341 -440   13  168  479 -399  -32  452  496  135 -371  133   74   21  -69 -446  112  -86 -133  415  347  456 -269 -134 -444  -85 -475 -282 -276 -117 -387  -89   67 -281  -32
 -469 -358 -484   33 -304 -460  452  262 -376 -341  293  395  146  273  317  -44  402 -319 -284  284  320  277  302 -351 -413  235  137  170  -50  -78 -187  376   33    6  330  333  366 -266 -258 -241  430 -171  238 -166   53 -369   36  472  470 -329 -375  350 -401  -49 -494 -225 -286   68 -319  112   69 -432  -27  433   26  112  -63 -435  112   67 -198 -132  100  126  277  -36  360  383  111   32 -178  -21  196  283  137 -455  420 -299  482 -165 -433   55  -67  -79 -198 -173  275  295  244  375
  224  490 -472   93  205 -188 -388   40 -456 -102  284  363  301  -69  339 -130 -217  130  420 -475  120    1  134  435 -286  262  484  381 -131  196 -128 -325  437  119  289  253 -484 -155  410  300 -239 -137  -68  364 -262  427 -445 -139  228 -249  147 -110  -96 -497  -15  262   93  -13 -248 -387  111  104 -433 -176 -156  275  330    7  178  101 -189 -406  404  394  217 -362 -427   90  433   47 -140  340 -212 -263  225   66 -136   84    6  179 -420  293  340 -405  384 -321 -468  165  448  204
   56  -86 -142  464 -134  323 -417 -139 -119  -90 -277   67   70  460   94  258   37  436   80 -263  134  490 -431 -410  190 -305  262 -340  -79  433 -129  194 -128  316  327 -401  342 -133 -348  362 -480  293   23 -163 -462   90  500 -173  195 -209  -34  478  112 -203 -332   14  328  496  -73   -7  -90  -50 -320  445 -108 -425 -129  314  435  -29 -406  173 -388 -473 -365  321  -23   15  219 -164  393 -161 -408  335   23  161  149  155  477   66   21 -249 -198 -149 -146  -70  306  151 -394 -368
  129  -36  -96 -399  -17  430  181 -151 -152   36  132  -55 -246 -303   58  414  316  455   53  144 -330 -432 -215  367 -125 -103  230  -55 -126  171  143  215  -57  445 -412 -364  -63  158 -352    4 -467 -145   30  243  485 -222  337 -445 -316 -435 -184 -391 -195 -149 -400 -450  441  243  -77  279   29    7 -304 -156 -245 -452  430  -30 -375 -315   92 -479  255 -311 -492 -241  123 -332  -78  415  -77  245  445 -413 -414 -318  224  329  382  -99  214 -417 -306  -79  493 -268 -120  204 -318  245
  -55 -417  -71 -238  -91 -110 -331 -270  -95  351 -108  428  274 -167  411  311  -13  400 -271  132 -439  163  432 -111  -34  431 -236  397   -6 -300  216  201 -173  327 -106  342 -195 -326   14 -416 -354 -130  308  198  216  111  174   92 -283 -493 -153 -259 -122 -216  453  451 -130   40  380 -263  135 -277   15  -12   51  353  111 -127 -312  145 -247  389 -468  313 -446  170  -37 -202 -123 -123  134  213  143 -127   89   59  348  -21 -387 -310  -35 -461   99   52  207  223 -332   27  228 -434
  464 -172  396  398 -354   44  341  321 -182  304 -317  268 -212    6 -236  396  317 -200  345  282   68   47 -407  394 -247 -411  299   51  -28 -465  433   11 -279 -498 -323 -482    4 -450 -442 -164   57  372 -109 -260 -383 -445   27  266  -90  136 -368  -24  272 -105 -495 -487  143 -232 -465 -496   48  434 -324 -337 -349 -387   64 -268  273 -327  417  192 -188  458 -243  356  257 -196 -214  251 -394 -308 -225 -154  170  -38  381   43  417   90 -120   -4  358 -492 -136  -92 -445   52  375  197
  451  476  -32  142   71  283   53  266  305  -20  -28  370 -161 -441   58 -345 -463  107  281   27  176 -479  174 -331 -485 -148   97   41 -429 -246   55 -459   68  333  452 -279 -294  281 -385  253  -82  296  204  419 -298 -102  366  296 -491  231 -334  344  182 -253  381  118 -311 -382 -435 -478   -4  292 -438  -21 -490  277 -347 -290  177  -12  456  452 -468 -222 -192  160 -224  168  -95 -302  461  474  472  448 -134  385  -60 -382 -150  138  283  484  138  420  411 -133  102 -366   74 -370
 -365  -49  375 -351  -87   94  451 -203  -19  459 -300  396  405  380   28 -312 -340 -464   55 -223   -9   53   -4 -464   70  161  -60   68 -396 -463  261  294 -498  117 -133 -406 -365  428  402 -478  138 -173 -222  221 -412 -441 -349  441   49 -211 -387 -256 -328 -461 -312 -278  151 -148  130 -309  -59  348 -426  187  415 -281  463 -170  423  362  -44  115 -280 -104   42 -347 -142   26  -70 -187  300 -417  127  -84 -287  280  -85  367 -262 -129 -174 -142  -46 -357  276 -134 -196  364 -170 -242
  391 -186 -279 -252  310  -11 -313  250  113   20 -394 -450 -481  371  -71  139  -64 -116 -301  123 -242 -129  249 -309    5 -117  259  432  103 -393  302 -175 -165 -271  350 -357 -304 -243  -73 -228    9 -479   -9  438  476 -330  379  233  153 -476  192 -412 -218  236   62  195  227  246  -24   -5 -149 -358 -137 -408    8  451  477   -6  233 -413   91   27 -169 -222  -96 -173 -116 -166   13 -342 -237 -117 -492   77  406  344  262  406   68 -367  382 -310  457 -360  336 -110 -341   85  -74 -120
  210  408 -110  171  295  281   69  269  474 -290   98 -457  488   57   28  -44  -95  277 -364  450 -432 -180 -487 -454 -300  201  473   32  417 -380 -422  -63 -130  363 -176 -358  378  471  184 -269   53   23  295   39 -355  407  166    8  -95  371  495 -497   15  238 -492  257 -117 -229  103 -196   87  105  230  388   64   35 -400  430  368  418  300 -137 -187 -282  221 -126 -197 -256   -1 -265  155 -296  127 -374   94  291 -221 -173  100 -378 -423 -423 -205  128    4 -475  467 -467  227  245